2016011399
2016011400
2016011402
2016011403
2016011404
2016011405
2016011406
2016011407
2016011408
2016011409
2016011410
2016011411
2016011412
2016011413
2016011414
2016011415
2016011416
2016011417
2016011418
2016011419
2016011420
2016011421
2016011422
2016011424
2016011425
2016011426
2016011427
2016011431
2016011432
2016011433
2016011435
2016011436
2016011439
2016011443
2016011445
2016011447
2016011450
2016011451
2016011452
2016011453
2016011455
2016011456
2016011457
2016011459
2016011460
2016011461
2016011462
2016011463
2016011464
2016011465
2016011467
2016011468
2016011469
2016011470
2016011471
2016011472
2016011473
2016011474
2016011475
2016011476
2016011477
2016011478
2016011479
2016011480
2016011481
2016011482
2016011483
2016011484
2016011485
2016011486
2016011487
2016011488
2016011491
2016011492
2016011493
2016011495
2016011496
2016011498
2016011499
2016011503
2016011505
2016011506
2016011507
2016011508
2016011509
2016011510
2016011511
2016011514
2016011515
2016011516
2016011519
2016011520
2016011522
2016011527
2016011530
2016011531
2016011532
2016011589
2016011819
2016011982
2016011994
2015011427
2015011439
2015011440
2015011463
2015011526
